$ANSIBLE_VAULT;1.1;AES256
34333132643133323539633239336265616262653231623265663330376234396665393839346361
6535373038623132653764656565663437326231626335360a353935343432393763643331643366
30666436363865356530353964623161343563326334373638393564313634373836383038363838
3832613738643761310a383766323161633838306332663836313339303965643665346162386138
62316433643061333533383938376466636464373037616139626565393737383736363636333562
35663933333563663036336264613666653138623932633466303133336461396165346235646236
31326439643763343430613464336331383337343030623761343062333366393032343337353337
66663630626435336362636666333430363436386138343630653538613564393936343637333231
36376463373336303666323739363836363733383231383739623264666435633232383866383939
30343830623835376333336661373239653539393462303134353763393632356136326233316162
34623361323331363635363662666639333632616631336630376461303136393262363639663836
65333535313263386263333535663435663162336536383338386262313436326537306339383461
34353438383061663337663532303961386631636163343631623061653230633935643835313763
62643439326265616362343337656639633630323231313463353831396338373836656336633665
36306237353634373132323666343435313231376139316135313439383131613335633066653336
37386663613235623534383131336632663965343433323130663937646164386534343735373233
39303164613263383939666335666432393230353734323335636138636533393139616339363435
61626661336136343365616263663531386133316536386364663834346639623364386431623837
36616539316663383034613161663965616438376238666337333830373431656663623165313064
61353431316531356261646363613533353731323062656333316664373737626338333864386438
38633736373139383839383364616262383234666230313230396439373863626335306461643963
38653933633236333365326138396165366236396163623866616237306436326330316631666239
39316231323430383666336236653538333839623931303935666636343434623936303435313231
32663330393432346464636334643631353330336161386532636261383062656465396335363435
63613431656461663734316334373134616566303165393332613761636237366439316432373962
64363038383435663963333735613763363938353563313866396638666239646635383538373131
62356535353465323033656266663031663437366431303730623539376132626539656439623333
33633261336635613837616238373430366431393336333139613764323166383334373239666233
65616632653764623662623139393636393761386335376631333463613233363036646666373663
63383161383666366664346662343836326239626165643766366439386139313961363164333035
37326633613038353936623837633262613931356362643462346535643361666436633739393266
66653734363765323937383562666632613336393335353462366338626637383930353066656433
36343065373836333761373662313631643637373430383435643161626164346361623264303565
34376664616166623439656431363637353862623063636534313133623361313835626563663361
31386563623230346265316232323864336630333939383136623764336137313233653566623436
30623932666433353661646333333636653562313764613963306534376538336433333964643930
35613630353639346633393531653232323232663335663334653234303862383564653166386631
31653931363633396663613963613133623537343231373037353165636365326232656339306236
39646136636163316663396433376331316530333937316534356332376633366564663236353265
33313465323564356339373931633063306638383839623266366630336632636535623238663962
30303232633738623737383030393535633336613465616336643964396266363832656430346165
64323133303337643930363933653536613565616536376630643935336539306264346161303332
35396533626131386532323964303733663135346631336264633536623333613235356333393364
64613766356539653462616135613937373739383463633038396466393065666232393633356132
65303462343865313465316231666539613130323765373262316564316261656631653063616435
38316164383939363935363364316230393739643038643462353635353162373266333433383033
36656131353535343636643662613039303231313362613431656439373835663732303036346230
36653437643539346530373339356565383561323230303531636135636331303736313163626336
33663738623863623964353138343264313461663431633766326233663530613933626131613037
30623161346139373533306362303536353531313562316535373632643765373633646138306165
38313830353661663065323336376265373737383933383862613235613561353964303630303063
63373131653661353434663235313834316339333565383231316462666464376663643732356131
36613134663963656135616632363666646161373631633537336338623061393034316164663837
30613330633438363865383832626162646462373935333666306661633337396137316132613261
63373264353662316335313337383265336335373562633638653962333533613230376234633230
36336439616163346465623132643363366239383566376636663163343532616464643230323331
32383535313637353335386664376161316136303764313431303632386162313664333539613363
63633036616539376635363366613038333137343935336230333065346665376566656230353431
66333263623136376138333237396335623137643165316566336364313861623131393364623938
62383031633937363439633339643536323164616566356632663730336135396430613732613161
64336536313662376330633630326265373163333237623231353862393464613165343531326538
36363436333039316665393564373564323266383333633837666432343439646165616530663535
39326230326264653530323738366530663035613137636437353361326361366161376530636530
37363237646561353465666462666235313837313534636535313862643163366163616562623865
61656630336463383032356563323634313064303039626637666666623439623234616236376130
31613465316332343063383366306430376639643331353162343531306639303964633032316234
38373635323436336161383139353635613239333862363233613037373566353861366638663965
30316538346235663833653432363964663763393735643965386461653839306262353334393332
37343530643765313261366536393437363434343163376333323930333934643763623863626536
64373665663437386533333334303130383833626539323862613033373766366533613966356465
61373937383530653633353161373331303236346433356664376634346664346465393061663038
35613239656634326337306636333731383032623662306431343230366535383631393436313063
35356438373338316434363166356637336661306236376661373538333431663532646533313537
31666362353438366161336232643866303735653365383339303662633030613834333437613663
66343065313238616536363835633737393939646334336335383033653562366531333537346435
30343661393231303765666364373033313236313139356239356131616638616466366230383235
34633334323431623635303662373531373230666432383566386434316363306237346366396564
38383661643632653837383336323531373531303737646237663732623038306631633036666339
36633566366332613761643033653065653865393835663030643061626164386362643934656338
34333664323064653033383830333461376437613333376662633061623032633030656634633863
62613164353336633362376461363163303766363638626138366563356631336233623531666430
32663464643737653961663166633162663632333932636265383533633030646339666263366665
30306330643039356139383032313538326132336465373462636639613530616133326238653565
64626365366333373232326538663565326234653762376664643364336438353435643263653962
33643837633336376661633833366466373232336138316430346131663035656333333234636439
33303534646436656136386537626539636437303430666532396137303631356666376364373233
36303363656562663231616434303336326362356432323135306435623733366537656637333565
65383739383534336137313130653036383833353438313139316530313235386230636331323633
61323436323135316439636263386133396239353939386130316233306538343965666639303462
64643333613663636536646265356233633662326635353365393330633838666464643238333966
66646465336462646232333566326131313561656162313330383961626165633862636665643162
66323438343161653964356634333762356336646434666434316431636537366164303430653566
3633
