$ANSIBLE_VAULT;1.1;AES256
63333031653866313564656239346264303339393961616161353439663239643639343632346263
6333366365376463643236393166613162313866633564340a373937633261663339616334376361
37643236396462333263396262663065653030333131303734383938383036343936303039333066
6263393636353639610a376638316266623836383131356662303564623832373436333037666333
39636361366239643961633732653531346535356335333762376235653938613564323636333237
64646637613664376331643036313132386263656664376437336234313433323666363737363263
61616637333561303866643965383732383233623264623236383035613363633166343463643138
33616631623738316666323233343733626564303437373637633864633665666337656365383735
62653264346434663663313939323563613665663166613862616638383134326134383164393136
39643132306330323336636238646366303839346232303539383664656233366437663361393136
30626432383865326435376339353331656162356263393132323862336133383932333366343238
36383438316135616164613835373832356538383136353066356566336131653739306331613936
65326239373965313763316630633130313234653938613431333437636237363764353365616537
32633735386262663536636666653663383166313565363565616530346137336231363133623664
33363931643838306632343065343066323537323132613133356461313166316335303964613036
39656361326332313435343430663234326138383734643035386530653466323564326336313530
66376661363834316366653838383738363836613663303936666535653761386564666538393539
38613966393865643736363439363236313633646462393466326434643830353138636261613630
61393662383932663362653139326565373263653237633032356462663733313938303166336231
33383866663530333866626439303164626334623431633134646236323462336433353763383233
32393230343065333166336163383530346662313934313337313665393330323865376330366563
37333263663933323033373333383537313536316632313339326335636265313366626135323933
61363465613966323832316138613036326637623938386134323536386236313539373732376466
66343665643264626632306430323736353639323564363831623333633631616366363834643537
35353663636231306333623037306337366633663332313166633739343061343734323062626630
35303931336438623038353730363566306130363535633939313661636536333464346634666434
63663037636139316530326166326461386336346434396533326464343637643666393834396335
64376136376130643461346364343431616265336563646431313261613030356535666633393565
61303730313636663431386333366365356337316235373838353662333332346563333264366431
32313736376463323163653765326361346263313832386239623731313435393131396130366230
34313434613638366363366462373337356366333065363130393735383764666163396135633135
62623034366139376263303235373635376563306166363864303133396463623432396464643162
38353431366666303765343034356562646437333638623335346437386433666464633763363761
30663237323731646263636135653131326438353164626662643236643363393434646139326264
34346239386231316539376338303332313735643934656533643566663139373030323939633638
31396464616638633738363036666138303331393637363837366437303061633137356661326335
32343263313662383630313236366562643237666630383136636236363938646565346538313837
30316138393834333135656133356264336235366235633965626534656132333334376665353233
39656232666331613561366165303065326332336666643463383161383266653834666630353833
64643939353238633431323137333961333530326331313066373230323035363435333139623564
61333639376336396638356262623361616265343532633436633831363561323534376166386138
65346337656661386364663662613336613664656639326337396131313233346262393362376539
37363834373730383931343232373035303663346635653431366538353134376363316230366334
30373533633961303831373836316237376635303732626437646539343139616631323365313038
62323166626636353731363366623032616466323739313331363536653165316333356464373966
33646363346635623334633839653866643038643231613333396633373765336136363764626638
31663837333431616334656636323462623136386261626137663134373562383862666238313637
32356239613831316261616433396139303734616532346664396636356134323434316263663235
38303463393330636262633562383534346262616563656339343932313966643663336263303834
37353761643536343039336163313736333262333462663136636235653161613263356461393263
63356463386535383639636637636266366133663336333438396135303363373461623466626336
35636439393430353839336363346637346262383834646530616335616631386331616362666262
66303538303839653262313732353965386433363465666138366662653866316565383762373966
32373633636538313534623961643963616365333565353666656331373831626435363834643032
30633462326461656434376664663764616231333135633434643330333062353538356365366163
34333263643034633533383564306365626537613061323763346564323566343662663034636338
30366564313834613463343161656230666166376430666438373239636336303137343838313465
39616239376230313566363937616362613961393136663830656132323732623762656363656363
31376434336464343737613436633064316366323462346438636233323832616234303462383233
37346239343637393532396536386136393236663733616335343365346634633363653231383636
34383161323438363632363966326166636337666663616330353461633739656465346336636463
30303462373239313330666530303830646564643563626462356664616166336637343431663434
36323630343337386234326239663432636439336362373166366432313339616535373462393536
35633864333130343232616566363265393665633832323836633537346161306230613938303433
36356161646330636666633064303362333364326238343930343565373737666137383162643937
34653136333735353835396564313130343131363966316131373234636436396666346234666461
33376239633830656239396164333433373038333135363461313263376161386238396434646534
65393933643134663432303938626638633466613831323536313965336433623139383163613733
63666161303430376137653066333335396161666163393863393433396132353131626366383363
66306439373535373561333135343131323962666130636238363333643331346363666535323361
35313335353565646663343265656337626533353337313434393339623564333262616166326162
34346436366364393733356536343739316234383064386334636536316532393736663566313966
38636233653836343732636631333735633638316338616430376231643137316363346532316662
35623230306432363537616438316630393936616235353530636265333836663737303164616433
39353433613532636238396530613938393833663630323763616330396239313866663537343438
66323766343362393237666433666133303364656464326164623531393135313239396339326534
65663536336161346564303337646138646664653538343631383165306166316634633262643338
65353231326233376138343239373834376234323262343162666162363233623033313764633865
39626432376538386232383732346439306533313232386361343563656562346262363237626431
38623135353434316331623338323737666166613934356136303262326663373665393235336634
32373364376262323164316534356330383063663231346662353666643364306539623530333433
62373366353031623466333637383765366265666166366530663031396330323134343031366630
33653435616635323637366566303634383630663336633364326432626461343636383030366439
62333536393534346134386231613436643737306231343131613864663564393637366235643731
30333262626432613664663531653330313061393738393664633866326562353436
